{
  "generated_by": {
    "program": "augur",
    "version": "10.0.0"
  },
  "models": {
    "county": {
      "alphabet": [
        "",
        "Ada",
        "Adams",
        "Bonneville",
        "Chelan",
        "Clark",
        "Cook",
        "Deschutes",
        "Fairfield",
        "Franklin",
        "Grant",
        "Grays Harbor",
        "Island",
        "Jefferson",
        "King",
        "Kitsap",
        "Kootenai",
        "Multnomah",
        "Okanogan",
        "Olmsted",
        "Pierce",
        "San Juan",
        "Skagit",
        "Snohomish",
        "Spokane",
        "Thurston",
        "Twin Falls",
        "Unknown",
        "Whatcom",
        "Yakima",
        "no container ID",
        "?"
      ],
      "equilibrium_probabilities": [
        0.04686839217942012,
        0.012099759810753242,
        0.04405332408539206,
        0.0647511991278407,
        0.009890787406632288,
        0.05326204229171129,
        0.024973428072502864,
        0.018348873044175252,
        0.009092962878039014,
        0.05938495943223439,
        0.05671411211209913,
        0.055046554237943954,
        0.0320397331845495,
        0.040893014928898415,
        0.014927962789097745,
        0.027399489200924543,
        0.05452428437869872,
        0.044682812055619,
        0.02388484877615388,
        0.027047215196897366,
        0.00597438798526485,
        0.06196207828762305,
        0.01329096471295371,
        0.009689898315969473,
        0.010447545727034806,
        0.02594987058098209,
        0.07358448171397315,
        0.017988373991964988,
        0.02541497361557372,
        0.022968717520891167,
        0.012842952358185675
      ],
      "rate": 59.1049263483532,
      "transition_matrix": [
        [
          0.0,
          0.8936499722379202,
          0.8956418798696331,
          0.8954707323624571,
          0.8917891452551069,
          0.895503527446496,
          0.8957049076937561,
          1.125392529101722,
          0.8934043226963557,
          0.895514650848746,
          0.8955457075407672,
          0.8954944636229594,
          0.8954814401353082,
          0.8955363282147728,
          1.6380577648917976,
          0.8954789252074492,
          0.8954941790902339,
          0.8956545760689553,
          0.8950379540626715,
          0.8955572730837047,
          0.8905525939157316,
          0.8955493546948536,
          0.8955015344896772,
          0.8947516918791453,
          0.9011214415308887,
          0.9236783310860491,
          0.8953772230756921,
          0.895411568254093,
          0.8957512523140627,
          0.8956375551795364,
          1.1869149172392388
        ],
        [
          0.8936499722379202,
          0.0,
          0.8935877862912217,
          0.8921982614070205,
          0.9505266827445825,
          0.8928279367956686,
          0.8948490213835268,
          1.4649559829125685,
          1.853532322005779,
          0.892560665188164,
          0.8928426957987926,
          1.339571676938995,
          1.3395708185448891,
          0.8935651649656987,
          15.840715100002255,
          1.7903398443902951,
          1.339146359721219,
          0.8936145936469867,
          0.8944150872161784,
          1.0059585788982828,
          1.4245678446795196,
          0.8924792704666134,
          0.8955496727633757,
          1.3962301990307653,
          1.3822905452607042,
          0.8944430801965922,
          5.3791399195799565,
          0.9036343626068002,
          0.8948342163604212,
          0.8948371752824749,
          1.0901099215401417
        ],
        [
          0.8956418798696331,
          0.8935877862912217,
          0.0,
          0.8955086002206541,
          1.508623298155584,
          0.8955266225292824,
          0.8956585193826331,
          0.8954141780088898,
          0.8937118008195187,
          0.8955961680231389,
          0.8955709594155183,
          0.8955192618907789,
          0.8954762858099341,
          0.8955504900688154,
          1.7967915124707716,
          0.8955216280398411,
          0.8955183772536356,
          0.895677147178236,
          0.8955442172139886,
          0.8955634526757213,
          1.342686451047896,
          0.8955982984166342,
          0.895428793506899,
          0.8951538920020352,
          0.8942460128122697,
          0.8955999795043335,
          0.8954211381938291,
          0.8954159931872129,
          0.8958253807316924,
          1.1445866146230883,
          0.8952841655546117
        ],
        [
          0.8954707323624571,
          0.8921982614070205,
          0.8955086002206541,
          0.0,
          0.8891191929883999,
          0.8954304614107177,
          0.8954133539697333,
          0.8948513145121778,
          0.8913007631979879,
          0.895447988705802,
          0.8954544540664814,
          0.8954170946403806,
          0.8952525630570403,
          0.8954155851044421,
          0.822685374893086,
          0.8952337131239827,
          0.8954156688302283,
          0.8955071437635808,
          0.8945721802718201,
          0.8953263592549966,
          1.31602934036597,
          0.8955005815108497,
          0.8948401151604195,
          0.8934706235010265,
          0.8920718881149461,
          0.8952924328024119,
          0.8952460083079512,
          0.8949899058967059,
          0.8954739652323903,
          0.8953475129327201,
          0.8945731169438451
        ],
        [
          0.8917891452551069,
          0.9505266827445825,
          1.508623298155584,
          0.8891191929883999,
          0.0,
          0.8903678611315203,
          0.8944220296885519,
          0.9504595485574561,
          1.2733577846810573,
          1.114353371614516,
          0.8908527642618442,
          0.8902166605279765,
          0.8929441242129724,
          0.9013948807365911,
          33.172643467936396,
          1.340056564160511,
          0.8902402701770012,
          0.8917258225469077,
          5.593579875563414,
          0.89638835666878,
          6.595554206940503,
          0.892474563110518,
          0.8996064484339416,
          0.8975388084550159,
          1.7302335847299801,
          1.2926714521728937,
          0.8883546135389808,
          0.8994696303544065,
          0.8948753356093092,
          1.4006487982657647,
          1.3039512079720252
        ],
        [
          0.895503527446496,
          0.8928279367956686,
          0.8955266225292824,
          0.8954304614107177,
          0.8903678611315203,
          0.0,
          0.8954623975136863,
          0.8950158591920153,
          0.8926732390254016,
          0.8954553181424423,
          0.8954684733387989,
          0.8954236779679021,
          0.89530014104849,
          0.8954290640247944,
          1.2468287380906902,
          0.8952843898854721,
          0.8954226268628553,
          0.8955373973806986,
          0.8947413899901664,
          0.8953814267747964,
          0.8837829458155111,
          0.8954949779056752,
          0.8950086158915321,
          0.8939829464393798,
          0.892792478866832,
          0.8953380724891664,
          0.895288851708742,
          0.8950982787578233,
          0.8955420508461835,
          0.8954089013920048,
          0.8947921656754161
        ],
        [
          0.8957049076937561,
          0.8948490213835268,
          0.8956585193826331,
          0.8954133539697333,
          0.8944220296885519,
          0.8954623975136863,
          0.0,
          1.043332507723671,
          0.9343778865455762,
          0.8954749170474707,
          0.8955260966425892,
          0.8954569015226023,
          0.8955603488568399,
          0.8955330331496303,
          4.406110565196009,
          0.8955563004520697,
          0.8954566855907646,
          0.8956858882454365,
          0.8953496374423888,
          1.080576380109748,
          1.0323230486625863,
          0.8955099902452786,
          0.8957885423270457,
          0.8956965377489249,
          0.8955327401582003,
          0.8956148625352173,
          0.8953922403636442,
          0.9061711196190064,
          0.8958847484071307,
          0.8957698343917538,
          0.895705061246359
        ],
        [
          1.125392529101722,
          1.4649559829125685,
          0.8954141780088898,
          0.8948513145121778,
          0.9504595485574561,
          0.8950158591920153,
          1.043332507723671,
          0.0,
          0.8962106259812304,
          0.8949928077960709,
          0.8950705260068109,
          0.89500542559884,
          0.8953753559844388,
          0.8952155639529727,
          8.020994474705958,
          0.895435142908404,
          0.8950074979456905,
          0.8953850673157819,
          0.895575487207104,
          0.8956176020513852,
          1.8425071596180886,
          0.8950045070746756,
          0.8959874953635834,
          0.8965655877192297,
          0.895948654035465,
          0.902465023685262,
          0.8948835809023682,
          0.8956789467782251,
          0.8958619292017734,
          0.8997541521241074,
          0.9910493119277712
        ],
        [
          0.8934043226963557,
          1.853532322005779,
          0.8937118008195187,
          0.8913007631979879,
          1.2733577846810573,
          0.8926732390254016,
          0.9343778865455762,
          0.8962106259812304,
          0.0,
          0.8920134897961972,
          0.8923156928594812,
          0.8921398758345332,
          0.894275152020332,
          1.0420606586503327,
          39.839523057032444,
          0.8947916710247467,
          0.8924628672832323,
          0.8934388263104409,
          0.8948144623993188,
          0.8946188949286341,
          5.03894897730763,
          0.8919860396691738,
          0.993851381525655,
          1.4346351849157115,
          1.0354771557246503,
          0.894719082227298,
          0.891052022889838,
          1.4582995189525065,
          0.8955632676870577,
          0.895575613864236,
          1.0399099106524792
        ],
        [
          0.895514650848746,
          0.892560665188164,
          0.8955961680231389,
          0.895447988705802,
          1.114353371614516,
          0.8954553181424423,
          0.8954749170474707,
          0.8949928077960709,
          0.8920134897961972,
          0.0,
          0.8954864573637816,
          0.8954432931598715,
          0.895306214654384,
          0.8954505375868823,
          1.0331668213117677,
          0.8953137801304457,
          0.8954422415223938,
          0.8955523112391177,
          0.8949172878799315,
          0.8953876177634308,
          0.8835766750305039,
          0.89551652178012,
          0.8949760646281921,
          0.8937821320767457,
          0.8927794796784588,
          0.8953820495427839,
          0.8952927245564308,
          0.8950906355809289,
          0.8955489315733081,
          0.8955087444114886,
          0.8947646073884868
        ],
        [
          0.8955457075407672,
          0.8928426957987926,
          0.8955709594155183,
          0.8954544540664814,
          0.8908527642618442,
          0.8954684733387989,
          0.8955260966425892,
          0.8950705260068109,
          0.8923156928594812,
          0.8954864573637816,
          0.0,
          0.89545715829792,
          0.8953457502489252,
          0.8954730611867032,
          1.1649342962030207,
          0.8953410932700565,
          0.8954562507814866,
          0.8955849057264405,
          0.8947693763079174,
          0.8954333822798834,
          0.8878816347290495,
          0.8955241127441258,
          0.89507828081459,
          0.893997095973897,
          1.4400276665892184,
          0.8953913612531998,
          0.8953149626145651,
          0.8952350898023897,
          0.8956096947298516,
          0.8954658522809934,
          0.894849824930192
        ],
        [
          0.8954944636229594,
          1.339571676938995,
          0.8955192618907789,
          0.8954170946403806,
          0.8902166605279765,
          0.8954236779679021,
          0.8954569015226023,
          0.89500542559884,
          0.8921398758345332,
          0.8954432931598715,
          0.89545715829792,
          0.0,
          0.8952897887784083,
          0.895420113662553,
          1.2220649755343302,
          0.8952759790181017,
          0.895411463154904,
          0.8955300338584239,
          0.8947141049046046,
          0.8953832353948582,
          0.9071422486018174,
          0.8954833649611634,
          0.8949921925612117,
          0.893931812573996,
          0.8927185803292087,
          0.8953287697505751,
          0.8953007193743396,
          0.8950858024779454,
          0.8955376584516256,
          0.8954033939738181,
          0.8947738707305145
        ],
        [
          0.8954814401353082,
          1.3395708185448891,
          0.8954762858099341,
          0.8952525630570403,
          0.8929441242129724,
          0.89530014104849,
          0.8955603488568399,
          0.8953753559844388,
          0.894275152020332,
          0.895306214654384,
          0.8953457502489252,
          0.8952897887784083,
          0.0,
          0.8953586566596423,
          3.186903195026448,
          0.8953594906076412,
          0.8952899975417624,
          0.8955247097878694,
          0.8950507209877351,
          0.89546505163412,
          1.0612993265274782,
          0.895342791113801,
          0.8954690562029245,
          1.238487134535381,
          0.8943390260394578,
          0.8954044416729837,
          0.8952862856105738,
          1.7601009820405893,
          0.8956667889455733,
          0.8955531661476017,
          0.9182790257389896
        ],
        [
          0.8955363282147728,
          0.8935651649656987,
          0.8955504900688154,
          0.8954155851044421,
          0.9013948807365911,
          0.8954290640247944,
          0.8955330331496303,
          0.8952155639529727,
          1.0420606586503327,
          0.8954505375868823,
          0.8954730611867032,
          0.895420113662553,
          0.8953586566596423,
          0.0,
          1.970605472330841,
          0.8953504963823561,
          0.8954193686144499,
          0.895567909414274,
          0.8949547596640256,
          0.8954479812960592,
          0.8913760635676031,
          0.8954864461597568,
          0.8952579579902059,
          0.8945993600797902,
          0.8936438976756592,
          0.8954007811700018,
          0.8953177149335505,
          0.8952631277356595,
          0.8956281227668853,
          0.8955007574680167,
          0.8950859337781712
        ],
        [
          1.6380577648917976,
          15.840715100002255,
          1.7967915124707716,
          0.822685374893086,
          33.172643467936396,
          1.2468287380906902,
          4.406110565196009,
          8.020994474705958,
          39.839523057032444,
          1.0331668213117677,
          1.1649342962030207,
          1.2220649755343302,
          3.186903195026448,
          1.970605472330841,
          0.0,
          4.1768068104486105,
          1.2450388370910088,
          1.7508134794299643,
          5.38350067994195,
          3.747742889923752,
          157.73826540063067,
          0.9711277574935019,
          15.043847702942788,
          32.83476679376512,
          26.812985926794642,
          4.2687407563881035,
          0.9833798914769418,
          8.380453041738049,
          4.341154189502109,
          5.228198822635996,
          16.032655185037918
        ],
        [
          0.8954789252074492,
          1.7903398443902951,
          0.8955216280398411,
          0.8952337131239827,
          1.340056564160511,
          0.8952843898854721,
          0.8955563004520697,
          0.895435142908404,
          0.8947916710247467,
          0.8953137801304457,
          0.8953410932700565,
          0.8952759790181017,
          0.8953594906076412,
          0.8953504963823561,
          4.1768068104486105,
          0.0,
          0.8952753877394254,
          0.8955278614624759,
          0.8969631381466809,
          0.8954948665192759,
          1.3681206447543484,
          0.8953342038452053,
          0.8955055462701648,
          1.0199600843060896,
          0.9023263811248586,
          0.895413037119276,
          0.8952124925687771,
          0.8953421056901337,
          0.895700594907968,
          0.8955967981568321,
          0.8953179936593277
        ],
        [
          0.8954941790902339,
          1.339146359721219,
          0.8955183772536356,
          0.8954156688302283,
          0.8902402701770012,
          0.8954226268628553,
          0.8954566855907646,
          0.8950074979456905,
          0.8924628672832323,
          0.8954422415223938,
          0.8954562507814866,
          0.895411463154904,
          0.8952899975417624,
          0.8954193686144499,
          1.2450388370910088,
          0.8952753877394254,
          0.0,
          0.8955293086755647,
          0.8947187949144612,
          0.8953836023386194,
          0.8833104319175776,
          0.8954822341470766,
          0.8949931286597047,
          0.8939416298192402,
          0.8927248895440345,
          0.8953292401943959,
          0.8952710803544637,
          0.8950863493211417,
          0.8955380025464958,
          0.8954022558710542,
          0.8947757841942332
        ],
        [
          0.8956545760689553,
          0.8936145936469867,
          0.895677147178236,
          0.8955071437635808,
          0.8917258225469077,
          0.8955373973806986,
          0.8956858882454365,
          0.8953850673157819,
          0.8934388263104409,
          0.8955523112391177,
          0.8955849057264405,
          0.8955300338584239,
          0.8955247097878694,
          0.895567909414274,
          1.7508134794299643,
          0.8955278614624759,
          0.8955293086755647,
          0.0,
          0.8950818619509925,
          0.895589625918264,
          0.8876893528550208,
          0.8955866739096795,
          0.8957588214610167,
          1.103259755088272,
          0.8936994147096793,
          0.8955578447134935,
          0.8954471521374631,
          0.8954328054934214,
          1.1390605660735735,
          0.8958152769959822,
          0.8952759147405942
        ],
        [
          0.8950379540626715,
          0.8944150872161784,
          0.8955442172139886,
          0.8945721802718201,
          5.593579875563414,
          0.8947413899901664,
          0.8953496374423888,
          0.895575487207104,
          0.8948144623993188,
          0.8949172878799315,
          0.8947693763079174,
          0.8947141049046046,
          0.8950507209877351,
          0.8949547596640256,
          5.38350067994195,
          0.8969631381466809,
          0.8947187949144612,
          0.8950818619509925,
          0.0,
          0.8952242443589672,
          1.5270061313612662,
          0.8947196581035103,
          0.8954458489797699,
          0.8952348508965715,
          0.895269950720764,
          1.0028170728433143,
          0.8944222703853529,
          0.8952819870419682,
          0.8954990624893796,
          0.8957994265662422,
          0.8953441726968183
        ],
        [
          0.8955572730837047,
          1.0059585788982828,
          0.8955634526757213,
          0.8953263592549966,
          0.89638835666878,
          0.8953814267747964,
          1.080576380109748,
          0.8956176020513852,
          0.8946188949286341,
          0.8953876177634308,
          0.8954333822798834,
          0.8953832353948582,
          0.89546505163412,
          0.8954479812960592,
          3.747742889923752,
          0.8954948665192759,
          0.8953836023386194,
          0.895589625918264,
          0.8952242443589672,
          0.0,
          0.894079765723609,
          0.8954163628116035,
          0.8955776139957974,
          0.895422576573367,
          0.8946351681482296,
          0.8955103583858449,
          0.8953954042836203,
          0.8955002034976387,
          0.8957730528348117,
          0.8956480283168817,
          0.8954742729380909
        ],
        [
          0.8905525939157316,
          1.4245678446795196,
          1.342686451047896,
          1.31602934036597,
          6.595554206940503,
          0.8837829458155111,
          1.0323230486625863,
          1.8425071596180886,
          5.03894897730763,
          0.8835766750305039,
          0.8878816347290495,
          0.9071422486018174,
          1.0612993265274782,
          0.8913760635676031,
          157.73826540063067,
          1.3681206447543484,
          0.8833104319175776,
          0.8876893528550208,
          1.5270061313612662,
          0.894079765723609,
          0.0,
          0.9156857026466861,
          2.05156004419417,
          1.9907289799382915,
          6.069593997985223,
          1.2470048907273747,
          0.8792582755431381,
          1.5493116264824744,
          0.9045367096650785,
          1.9675946505092121,
          2.038023045136282
        ],
        [
          0.8955493546948536,
          0.8924792704666134,
          0.8955982984166342,
          0.8955005815108497,
          0.892474563110518,
          0.8954949779056752,
          0.8955099902452786,
          0.8950045070746756,
          0.8919860396691738,
          0.89551652178012,
          0.8955241127441258,
          0.8954833649611634,
          0.895342791113801,
          0.8954864461597568,
          0.9711277574935019,
          0.8953342038452053,
          0.8954822341470766,
          0.8955866739096795,
          0.8947196581035103,
          0.8954163628116035,
          0.9156857026466861,
          0.0,
          1.1639611916135302,
          0.8941438897552647,
          0.8924591147646724,
          0.8953900563846018,
          0.8953329170607768,
          0.8951253953606539,
          0.895644951778753,
          0.8954707776286923,
          0.8948919613809827
        ],
        [
          0.8955015344896772,
          0.8955496727633757,
          0.895428793506899,
          0.8948401151604195,
          0.8996064484339416,
          0.8950086158915321,
          0.8957885423270457,
          0.8959874953635834,
          0.993851381525655,
          0.8949760646281921,
          0.89507828081459,
          0.8949921925612117,
          0.8954690562029245,
          0.8952579579902059,
          15.043847702942788,
          0.8955055462701648,
          0.8949931286597047,
          0.8957588214610167,
          0.8954458489797699,
          0.8955776139957974,
          2.05156004419417,
          1.1639611916135302,
          0.0,
          1.2910702257888491,
          0.8959209283322228,
          0.8955851096225075,
          0.8949092165960811,
          0.8957184035739368,
          1.1879529154292476,
          0.8960025176353144,
          1.1004552460226191
        ],
        [
          0.8947516918791453,
          1.3962301990307653,
          0.8951538920020352,
          0.8934706235010265,
          0.8975388084550159,
          0.8939829464393798,
          0.8956965377489249,
          0.8965655877192297,
          1.4346351849157115,
          0.8937821320767457,
          0.893997095973897,
          0.893931812573996,
          1.238487134535381,
          0.8945993600797902,
          32.83476679376512,
          1.0199600843060896,
          0.8939416298192402,
          1.103259755088272,
          0.8952348508965715,
          0.895422576573367,
          1.9907289799382915,
          0.8941438897552647,
          1.2910702257888491,
          0.0,
          0.8965257629448745,
          0.8953238012325305,
          1.1568412957795802,
          0.9547884359544714,
          0.9026143051550353,
          0.8976645165129247,
          0.9006816139295996
        ],
        [
          0.9011214415308887,
          1.3822905452607042,
          0.8942460128122697,
          0.8920718881149461,
          1.7302335847299801,
          0.892792478866832,
          0.8955327401582003,
          0.895948654035465,
          1.0354771557246503,
          0.8927794796784588,
          1.4400276665892184,
          0.8927185803292087,
          0.8943390260394578,
          0.8936438976756592,
          26.812985926794642,
          0.9023263811248586,
          0.8927248895440345,
          0.8936994147096793,
          0.895269950720764,
          0.8946351681482296,
          6.069593997985223,
          0.8924591147646724,
          0.8959209283322228,
          0.8965257629448745,
          0.0,
          0.8947319425570615,
          0.8917530695179184,
          1.0665368252238698,
          0.8952531281231944,
          0.8956789851855114,
          0.8958724324672648
        ],
        [
          0.9236783310860491,
          0.8944430801965922,
          0.8955999795043335,
          0.8952924328024119,
          1.2926714521728937,
          0.8953380724891664,
          0.8956148625352173,
          0.902465023685262,
          0.894719082227298,
          0.8953820495427839,
          0.8953913612531998,
          0.8953287697505751,
          0.8954044416729837,
          0.8954007811700018,
          4.2687407563881035,
          0.895413037119276,
          0.8953292401943959,
          0.8955578447134935,
          1.0028170728433143,
          0.8955103583858449,
          1.2470048907273747,
          0.8953900563846018,
          0.8955851096225075,
          0.8953238012325305,
          0.8947319425570615,
          0.0,
          0.895232374345988,
          0.8954239642980294,
          0.8957429873012034,
          0.8957051848231731,
          1.0315517906855223
        ],
        [
          0.8953772230756921,
          5.3791399195799565,
          0.8954211381938291,
          0.8952460083079512,
          0.8883546135389808,
          0.895288851708742,
          0.8953922403636442,
          0.8948835809023682,
          0.891052022889838,
          0.8952927245564308,
          0.8953149626145651,
          0.8953007193743396,
          0.8952862856105738,
          0.8953177149335505,
          0.9833798914769418,
          0.8952124925687771,
          0.8952710803544637,
          0.8954471521374631,
          0.8944222703853529,
          0.8953954042836203,
          0.8792582755431381,
          0.8953329170607768,
          0.8949092165960811,
          1.1568412957795802,
          0.8917530695179184,
          0.895232374345988,
          0.0,
          0.8949624405283388,
          0.8954798672190534,
          0.8953169469478162,
          0.8945649386751664
        ],
        [
          0.895411568254093,
          0.9036343626068002,
          0.8954159931872129,
          0.8949899058967059,
          0.8994696303544065,
          0.8950982787578233,
          0.9061711196190064,
          0.8956789467782251,
          1.4582995189525065,
          0.8950906355809289,
          0.8952350898023897,
          0.8950858024779454,
          1.7601009820405893,
          0.8952631277356595,
          8.380453041738049,
          0.8953421056901337,
          0.8950863493211417,
          0.8954328054934214,
          0.8952819870419682,
          0.8955002034976387,
          1.5493116264824744,
          0.8951253953606539,
          0.8957184035739368,
          0.9547884359544714,
          1.0665368252238698,
          0.8954239642980294,
          0.8949624405283388,
          0.0,
          0.8957828503590729,
          0.8984570006808884,
          0.9740432963103661
        ],
        [
          0.8957512523140627,
          0.8948342163604212,
          0.8958253807316924,
          0.8954739652323903,
          0.8948753356093092,
          0.8955420508461835,
          0.8958847484071307,
          0.8958619292017734,
          0.8955632676870577,
          0.8955489315733081,
          0.8956096947298516,
          0.8955376584516256,
          0.8956667889455733,
          0.8956281227668853,
          4.341154189502109,
          0.895700594907968,
          0.8955380025464958,
          1.1390605660735735,
          0.8954990624893796,
          0.8957730528348117,
          0.9045367096650785,
          0.895644951778753,
          1.1879529154292476,
          0.9026143051550353,
          0.8952531281231944,
          0.8957429873012034,
          0.8954798672190534,
          0.8957828503590729,
          0.0,
          1.060265805528235,
          0.8959951764225421
        ],
        [
          0.8956375551795364,
          0.8948371752824749,
          1.1445866146230883,
          0.8953475129327201,
          1.4006487982657647,
          0.8954089013920048,
          0.8957698343917538,
          0.8997541521241074,
          0.895575613864236,
          0.8955087444114886,
          0.8954658522809934,
          0.8954033939738181,
          0.8955531661476017,
          0.8955007574680167,
          5.228198822635996,
          0.8955967981568321,
          0.8954022558710542,
          0.8958152769959822,
          0.8957994265662422,
          0.8956480283168817,
          1.9675946505092121,
          0.8954707776286923,
          0.8960025176353144,
          0.8976645165129247,
          0.8956789851855114,
          0.8957051848231731,
          0.8953169469478162,
          0.8984570006808884,
          1.060265805528235,
          0.0,
          0.89578924488203
        ],
        [
          1.1869149172392388,
          1.0901099215401417,
          0.8952841655546117,
          0.8945731169438451,
          1.3039512079720252,
          0.8947921656754161,
          0.895705061246359,
          0.9910493119277712,
          1.0399099106524792,
          0.8947646073884868,
          0.894849824930192,
          0.8947738707305145,
          0.9182790257389896,
          0.8950859337781712,
          16.032655185037918,
          0.8953179936593277,
          0.8947757841942332,
          0.8952759147405942,
          0.8953441726968183,
          0.8954742729380909,
          2.038023045136282,
          0.8948919613809827,
          1.1004552460226191,
          0.9006816139295996,
          0.8958724324672648,
          1.0315517906855223,
          0.8945649386751664,
          0.9740432963103661,
          0.8959951764225421,
          0.89578924488203,
          0.0
        ]
      ]
    },
    "state": {
      "alphabet": [
        "",
        "CT",
        "ID",
        "IL",
        "MN",
        "OR",
        "Unknown",
        "WA",
        "no container ID",
        "?"
      ],
      "equilibrium_probabilities": [
        0.13547606202501133,
        0.041364363272013566,
        0.04539376368437349,
        0.08762960582311098,
        0.08767026431765257,
        0.06954312376877216,
        0.06780381590947117,
        0.40825898830708507,
        0.05686001289250971
      ],
      "rate": 56.1904867447941,
      "transition_matrix": [
        [
          0.0,
          0.16023650982274454,
          0.16077673634795342,
          0.162099369543619,
          0.16206400153578288,
          0.20118762186203337,
          0.16196841946664087,
          0.26388851936130897,
          0.2025268821637245
        ],
        [
          0.16023650982274454,
          0.0,
          0.3425262178857068,
          0.19153026747900026,
          0.16108859168038075,
          0.16202198834622022,
          0.26685762888780973,
          10.30488125614387,
          0.20234402366254398
        ],
        [
          0.16077673634795342,
          0.3425262178857068,
          0.0,
          0.16132065919634106,
          0.20530684322482767,
          0.2603528108152177,
          0.16688290731878977,
          3.6890572372308013,
          0.2321923893363416
        ],
        [
          0.162099369543619,
          0.19153026747900026,
          0.16132065919634106,
          0.0,
          0.19399978874833143,
          0.18562460344508874,
          0.16343672439785784,
          0.717041664953801,
          0.16197025992548328
        ],
        [
          0.16206400153578288,
          0.16108859168038075,
          0.20530684322482767,
          0.19399978874833143,
          0.0,
          0.16198372999294416,
          0.16202482442094232,
          0.5916972491518857,
          0.16193433982172462
        ],
        [
          0.20118762186203337,
          0.16202198834622022,
          0.2603528108152177,
          0.18562460344508874,
          0.16198372999294416,
          0.0,
          0.16197452229626824,
          1.7470622674847027,
          0.17784852297280898
        ],
        [
          0.16196841946664087,
          0.26685762888780973,
          0.16688290731878977,
          0.16343672439785784,
          0.16202482442094232,
          0.16197452229626824,
          0.0,
          1.6823161417528074,
          0.162773823130211
        ],
        [
          0.26388851936130897,
          10.30488125614387,
          3.6890572372308013,
          0.717041664953801,
          0.5916972491518857,
          1.7470622674847027,
          1.6823161417528074,
          0.0,
          3.1479866727309966
        ],
        [
          0.2025268821637245,
          0.20234402366254398,
          0.2321923893363416,
          0.16197025992548328,
          0.16193433982172462,
          0.17784852297280898,
          0.162773823130211,
          3.1479866727309966,
          0.0
        ]
      ]
    }
  },
  "nodes": {
    "1000-X70047": {
      "county": "Pierce",
      "county_confidence": {
        "Pierce": 1.0
      },
      "county_entropy": -1.000088900581841e-12,
      "state": "WA",
      "state_confidence": {
        "WA": 0.9999999999999999
      },
      "state_entropy": -9.99866855976916e-13
    },
    "10028-F21970": {
      "county": "King",
      "county_confidence": {
        "King": 1.0
      },
      "county_entropy": -1.000088900581841e-12,
      "state": "WA",
      "state_confidence": {
        "WA": 1.0
      },
      "state_entropy": -1.000088900581841e-12
    },
    "10029-F21926": {
      "county": "King",
      "county_confidence": {
        "King": 1.0
      },
      "county_entropy": -1.000088900581841e-12,
      "state": "WA",
      "state_confidence": {
        "WA": 0.9999999999999999
      },
      "state_entropy": -9.99866855976916e-13
    },
    "10031-F21931": {
      "county": "King",
      "county_confidence": {
        "King": 1.0
      },
      "county_entropy": -1.000088900581841e-12,
      "state": "WA",
      "state_confidence": {
        "WA": 1.0
      },
      "state_entropy": -1.000088900581841e-12
    },
    "10036-F21965": {
      "county": "King",
      "county_confidence": {
        "King": 1.0
      },
      "county_entropy": -1.000088900581841e-12,
      "state": "WA",
      "state_confidence": {
        "WA": 1.0
      },
      "state_entropy": -1.000088900581841e-12
    },
    "10039-F21925": {
      "county": "King",
      "county_confidence": {
        "King": 1.0
      },
      "county_entropy": -1.000088900581841e-12,
      "state": "WA",
      "state_confidence": {
        "WA": 1.0
      },
      "state_entropy": -1.000088900581841e-12
    },
    "10040-F21927": {
      "county": "King",
      "county_confidence": {
        "King": 1.0
      },
      "county_entropy": -1.000088900581841e-12,
      "state": "WA",
      "state_confidence": {
        "WA": 0.9999999999999999
      },
      "state_entropy": -9.99866855976916e-13
    },
    "10042-F22003": {
      "county": "King",
      "county_confidence": {
        "King": 0.9999999999999999
      },
      "county_entropy": -9.99866855976916e-13,
      "state": "WA",
      "state_confidence": {
        "WA": 1.0
      },
      "state_entropy": -1.000088900581841e-12
    },
    "1005-X69709": {
      "county": "King",
      "county_confidence": {
        "King": 1.0
      },
      "county_entropy": -1.000088900581841e-12,
      "state": "WA",
      "state_confidence": {
        "WA": 1.0
      },
      "state_entropy": -1.000088900581841e-12
    },
    "10088-F21994": {
      "county": "King",
      "county_confidence": {
        "King": 0.9999999999999999
      },
      "county_entropy": -9.99866855976916e-13,
      "state": "WA",
      "state_confidence": {
        "WA": 1.0
      },
      "state_entropy": -1.000088900581841e-12
    },
    "10089-F22005": {
      "county": "King",
      "county_confidence": {
        "King": 1.0
      },
      "county_entropy": -1.000088900581841e-12,
      "state": "WA",
      "state_confidence": {
        "WA": 0.9999999999999999
      },
      "state_entropy": -9.99866855976916e-13
    },
    "10090-F21907": {
      "county": "King",
      "county_confidence": {
        "King": 1.0
      },
      "county_entropy": -1.000088900581841e-12,
      "state": "WA",
      "state_confidence": {
        "WA": 0.9999999999999999
      },
      "state_entropy": -9.99866855976916e-13
    },
    "10091-F22002": {
      "county": "King",
      "county_confidence": {
        "King": 0.9999999999999999
      },
      "county_entropy": -9.99866855976916e-13,
      "state": "WA",
      "state_confidence": {
        "WA": 1.0
      },
      "state_entropy": -1.000088900581841e-12
    },
    "10093-F21936": {
      "county": "King",
      "county_confidence": {
        "King": 0.9999999999999999
      },
      "county_entropy": -9.99866855976916e-13,
      "state": "WA",
      "state_confidence": {
        "WA": 1.0
      },
      "state_entropy": -1.000088900581841e-12
    },
    "10094-F22013": {
      "county": "King",
      "county_confidence": {
        "King": 1.0
      },
      "county_entropy": -1.000088900581841e-12,
      "state": "WA",
      "state_confidence": {
        "WA": 0.9999999999999999
      },
      "state_entropy": -9.99866855976916e-13
    },
    "10102-F22012": {
      "county": "King",
      "county_confidence": {
        "King": 1.0
      },
      "county_entropy": -1.000088900581841e-12,
      "state": "WA",
      "state_confidence": {
        "WA": 1.0
      },
      "state_entropy": -1.000088900581841e-12
    },
    "10106-F21905": {
      "county": "King",
      "county_confidence": {
        "King": 1.0
      },
      "county_entropy": -1.000088900581841e-12,
      "state": "WA",
      "state_confidence": {
        "WA": 0.9999999999999999
      },
      "state_entropy": -9.99866855976916e-13
    },
    "10107-F21935": {
      "county": "King",
      "county_confidence": {
        "King": 1.0
      },
      "county_entropy": -1.000088900581841e-12,
      "state": "WA",
      "state_confidence": {
        "WA": 1.0
      },
      "state_entropy": -1.000088900581841e-12
    },
    "10108-F21932": {
      "county": "King",
      "county_confidence": {
        "King": 1.0
      },
      "county_entropy": -1.000088900581841e-12,
      "state": "WA",
      "state_confidence": {
        "WA": 0.9999999999999999
      },
      "state_entropy": -9.99866855976916e-13
    },
    "1011-X69274": {
      "county": "King",
      "county_confidence": {
        "King": 1.0
      },
      "county_entropy": -1.000088900581841e-12,
      "state": "WA",
      "state_confidence": {
        "WA": 0.9999999999999999
      },
      "state_entropy": -9.99866855976916e-13
    },
    "10110-F21960": {
      "county": "King",
      "county_confidence": {
        "King": 1.0
      },
      "county_entropy": -1.000088900581841e-12,
      "state": "WA",
      "state_confidence": {
        "WA": 0.9999999999999999
      },
      "state_entropy": -9.99866855976916e-13
    },
    "10114-F21989": {
      "county": "King",
      "county_confidence": {
        "King": 1.0
      },
      "county_entropy": -1.000088900581841e-12,
      "state": "WA",
      "state_confidence": {
